empieza IG1LS
FOpiinicial antes de NEH (0.6183929323063383, 0.030276104417670684, 0.9092538018933018, -0.26058476516929285)
NEH tarda 1350.545065164566
FOpibest con la secuencia tras NEH y antes de LS (0.5538933952158123, 0.02179718875502008, 0.9265988863898994, -0.4342416357524003)
construccion tarda 69.56968808174133
FO tras construccion (0.5533378396602567, 0.02179718875502008, 0.9265988863898994, -0.43479719130795585)
LS tarda 2921.27782869339
FOpibest tras LS (0.5500437032863867, 0.02445281124497992, 0.8902850833635606, -0.4491219021655273)
Foccbest con el que se entra a LS (0.5627391765374156, 0.023637048192771085, 0.9045707976492748, -0.45152790625242145)
FO con los cirujs tras LS (0.5627391765374156, 0.023637048192771085, 0.9045707976492748, -0.45152790625242145)
MEJOR FO DEFINITIVA (0.5627391765374156, 0.023637048192771085, 0.9045707976492748, -0.45152790625242145)
ctor [[0], [0, 1.516873216414683, 2.523860061147748, 4.040733277562431, 5.557606493977114, 7.074479710391797, 7.881895164259026], [0, 3.311313529367057, 4.487455748998752, 5.663597968630446, 6.6705848133635115, 7.846727032995206], [0], [0, 1.228532946939062, 5.218647118983581, 7.594009137771819]]
ctconsultas [[0, 0.4, 0.8, 1.2000000000000002, 1.6, 2.0, 2.4, 2.8, 3.1999999999999997, 3.5999999999999996, 3.9999999999999996, 4.3999999999999995, 4.8, 5.2, 5.6000000000000005, 6.000000000000001, 6.400000000000001, 6.800000000000002], [0, 0.4, 0.8, 1.2000000000000002, 1.6, 2.0, 2.4, 2.8, 3.1999999999999997, 3.5999999999999996, 3.9999999999999996, 4.3999999999999995, 4.8, 5.2, 5.6000000000000005, 6.000000000000001, 6.400000000000001, 6.800000000000002, 7.200000000000002], [0, 0.4, 0.8, 1.2000000000000002, 1.6, 2.0, 2.4, 2.8, 3.1999999999999997, 3.5999999999999996, 3.9999999999999996, 4.3999999999999995, 4.8, 5.016666666666667, 5.233333333333333, 5.45, 5.666666666666667, 6.066666666666667, 6.466666666666668, 6.866666666666668], [0, 0.21666666666666667, 0.6166666666666667, 1.0166666666666666, 1.4166666666666665, 1.8166666666666664, 2.2166666666666663, 2.6166666666666663, 3.016666666666666, 3.416666666666666, 3.633333333333333, 4.033333333333333, 4.433333333333334, 4.833333333333334, 5.233333333333334, 5.633333333333335, 5.850000000000001, 6.250000000000002, 6.466666666666669], [0]]
dia y ctconsultas 1 [[0, 0.4, 0.8, 1.2000000000000002, 1.6, 2.0, 2.4, 2.8, 3.1999999999999997, 3.5999999999999996, 3.9999999999999996, 4.3999999999999995, 4.8, 5.2, 5.6000000000000005, 6.000000000000001, 6.400000000000001, 6.800000000000002], [0, 0.4, 0.8, 1.2000000000000002, 1.6, 2.0, 2.4, 2.8, 3.1999999999999997, 3.5999999999999996, 3.9999999999999996, 4.3999999999999995, 4.8, 5.2, 5.6000000000000005, 6.000000000000001, 6.400000000000001, 6.800000000000002, 7.200000000000002], [0, 0.4, 0.8, 1.2000000000000002, 1.6, 2.0, 2.4, 2.8, 3.1999999999999997, 3.5999999999999996, 3.9999999999999996, 4.3999999999999995, 4.8, 5.016666666666667, 5.233333333333333, 5.45, 5.666666666666667, 6.066666666666667, 6.466666666666668, 6.866666666666668], [0, 0.21666666666666667, 0.6166666666666667, 1.0166666666666666, 1.4166666666666665, 1.8166666666666664, 2.2166666666666663, 2.6166666666666663, 3.016666666666666, 3.416666666666666, 3.633333333333333, 4.033333333333333, 4.433333333333334, 4.833333333333334, 5.233333333333334, 5.633333333333335, 5.850000000000001, 6.250000000000002, 6.466666666666669], [0]]
ctor [[0], [0, 1.516873216414683, 2.523860061147748, 4.040733277562431, 5.557606493977114, 7.074479710391797, 7.881895164259026], [0, 3.311313529367057, 4.487455748998752, 5.663597968630446, 6.6705848133635115, 7.846727032995206], [0], [0, 1.228532946939062, 5.218647118983581, 7.594009137771819]]
FOpiinicial antes de NEH (0.5976516378317573, 0.023900866624392305, 0.5323168861189815, 0.0710538001553499)
NEH tarda 1143.025482416153
FOpibest con la secuencia tras NEH y antes de LS (0.5759663338689185, 0.018088142041851617, 0.5549049546196361, 0.011876794018406755)
construccion tarda 61.51411056518555
FO tras construccion (0.5759663338689185, 0.018088142041851617, 0.5549049546196361, 0.011876794018406755)
LS tarda 2376.075201034546
FOpibest tras LS (0.5765185644850015, 0.01997727753117734, 0.5545988315743366, 0.005533374078205769)
Foccbest con el que se entra a LS (0.5765185644850015, 0.01997727753117734, 0.5545988315743366, 0.005533374078205769)
FO con los cirujs tras LS (0.5765185644850015, 0.01997727753117734, 0.5545988315743366, 0.005533374078205769)
MEJOR FO DEFINITIVA (0.5765185644850015, 0.01997727753117734, 0.5545988315743366, 0.005533374078205769)
ctor [[0, 2.555955366921901, 7.995742385707932], [0, 2.1706625039735954, 3.1494346202003207, 5.586366500063792, 7.961728518852031], [0], [0, 2.7756572362796, 3.782644081012665, 6.489478349968662, 7.874567270451301], [0, 0.8592180584659208, 4.84933223051044, 5.941397551274832, 7.97895371241295]]
ctconsultas [[0, 0.21666666666666667, 0.43333333333333335, 0.65, 0.8666666666666667, 1.0833333333333335, 1.3000000000000003, 1.516666666666667, 1.7333333333333338, 1.9500000000000006], [0], [0, 0.21666666666666667, 0.43333333333333335, 0.65, 0.8666666666666667], [0, 0.21666666666666667, 0.43333333333333335, 0.65, 0.8666666666666667], [0]]
dia y ctconsultas 2 [[0, 0.21666666666666667, 0.43333333333333335, 0.65, 0.8666666666666667, 1.0833333333333335, 1.3000000000000003, 1.516666666666667, 1.7333333333333338, 1.9500000000000006], [0], [0, 0.21666666666666667, 0.43333333333333335, 0.65, 0.8666666666666667], [0, 0.21666666666666667, 0.43333333333333335, 0.65, 0.8666666666666667], [0]]
ctor [[0, 2.555955366921901, 7.995742385707932], [0, 2.1706625039735954, 3.1494346202003207, 5.586366500063792, 7.961728518852031], [0], [0, 2.7756572362796, 3.782644081012665, 6.489478349968662, 7.874567270451301], [0, 0.8592180584659208, 4.84933223051044, 5.941397551274832, 7.97895371241295]]
FOpiinicial antes de NEH (0.8345840994312984, 0.019595418711884575, 0.48730005519351116, 0.34604612961633846)
NEH tarda 839.6254334449768
FOpibest con la secuencia tras NEH y antes de LS (0.6363768022220302, 0.019053993752788934, 0.4920499415920825, 0.13213085438273664)
construccion tarda 50.471954345703125
FO tras construccion (0.6455849233423196, 0.019053993752788934, 0.49175215123404353, 0.1312200991943984)
LS tarda 1725.6753652095795
FOpibest tras LS (0.6369484221732258, 0.019053993752788934, 0.4929139596307643, 0.12142178962858377)
Foccbest con el que se entra a LS (0.6369484221732258, 0.019053993752788934, 0.4929139596307643, 0.12142178962858377)
FO con los cirujs tras LS (0.6369484221732258, 0.019053993752788934, 0.4929139596307643, 0.12142178962858377)
MEJOR FO DEFINITIVA (0.6369484221732258, 0.019053993752788934, 0.4929139596307643, 0.12142178962858377)
ctor [[0, 0.9273750228280504, 1.8679437108217336, 5.613130969721028, 7.506523290603864, 7.99138560988474], [0, 4.100112177967532, 7.47362908356021], [0, 5.088972856362319, 6.701128057955208], [0], [0, 1.6938603141888753, 4.792517728852653, 7.9069956753482025]]
ctconsultas [[0, 0.21666666666666667, 0.43333333333333335, 0.65, 0.8666666666666667, 1.0833333333333335, 1.3000000000000003, 1.516666666666667], [0, 0.21666666666666667, 0.43333333333333335, 0.65, 0.8666666666666667], [0, 0.21666666666666667, 0.43333333333333335, 0.65, 0.8666666666666667, 1.0833333333333335, 1.3000000000000003], [0, 0.21666666666666667, 0.43333333333333335, 0.65, 0.8666666666666667, 1.0833333333333335, 1.3000000000000003, 1.516666666666667, 1.7333333333333338], [0]]
dia y ctconsultas 3 [[0, 0.21666666666666667, 0.43333333333333335, 0.65, 0.8666666666666667, 1.0833333333333335, 1.3000000000000003, 1.516666666666667], [0, 0.21666666666666667, 0.43333333333333335, 0.65, 0.8666666666666667], [0, 0.21666666666666667, 0.43333333333333335, 0.65, 0.8666666666666667, 1.0833333333333335, 1.3000000000000003], [0, 0.21666666666666667, 0.43333333333333335, 0.65, 0.8666666666666667, 1.0833333333333335, 1.3000000000000003, 1.516666666666667, 1.7333333333333338], [0]]
ctor [[0, 0.9273750228280504, 1.8679437108217336, 5.613130969721028, 7.506523290603864, 7.99138560988474], [0, 4.100112177967532, 7.47362908356021], [0, 5.088972856362319, 6.701128057955208], [0], [0, 1.6938603141888753, 4.792517728852653, 7.9069956753482025]]
FOpiinicial antes de NEH (0.720669853553021, 0.02154070828769624, 0.4677672984977852, 0.2625385014381702)
NEH tarda 492.4242503643036
FOpibest con la secuencia tras NEH y antes de LS (0.45454174173774115, 0.018893756845564075, 0.4828248473714549, -0.009389348788149676)
construccion tarda 36.45953011512756
FO tras construccion (0.49954154455918987, 0.018893756845564075, 0.4781813265258067, 0.028349212974185314)
LS tarda 1004.4152517318726
FOpibest tras LS (0.45454174173774115, 0.018893756845564075, 0.4828248473714549, -0.009389348788149676)
Foccbest con el que se entra a LS (0.45454174173774115, 0.018893756845564075, 0.4828248473714549, -0.009389348788149676)
FO con los cirujs tras LS (0.45454174173774115, 0.018893756845564075, 0.4828248473714549, -0.009389348788149676)
MEJOR FO DEFINITIVA (0.45454174173774115, 0.018893756845564075, 0.4828248473714549, -0.009389348788149676)
ctor [[0], [0, 2.1706625039735954, 5.481976033340652, 7.976744344094497], [0, 3.3183660394213534, 4.380824520788213, 6.448377623040505, 7.45536446777357], [0, 3.429428527707944, 4.142680053199608, 5.141313470644384, 6.233378791408777, 7.987058526720653], [0, 5.710598678213654, 7.8775550054893655]]
ctconsultas [[0, 0.21666666666666667, 0.43333333333333335, 0.65], [0, 0.21666666666666667, 0.43333333333333335, 0.65, 0.8666666666666667], [0, 0.21666666666666667, 0.43333333333333335, 0.65, 0.8666666666666667], [0, 0.21666666666666667, 0.43333333333333335, 0.65, 0.8666666666666667, 1.0833333333333335], [0]]
dia y ctconsultas 4 [[0, 0.21666666666666667, 0.43333333333333335, 0.65], [0, 0.21666666666666667, 0.43333333333333335, 0.65, 0.8666666666666667], [0, 0.21666666666666667, 0.43333333333333335, 0.65, 0.8666666666666667], [0, 0.21666666666666667, 0.43333333333333335, 0.65, 0.8666666666666667, 1.0833333333333335], [0]]
ctor [[0], [0, 2.1706625039735954, 5.481976033340652, 7.976744344094497], [0, 3.3183660394213534, 4.380824520788213, 6.448377623040505, 7.45536446777357], [0, 3.429428527707944, 4.142680053199608, 5.141313470644384, 6.233378791408777, 7.987058526720653], [0, 5.710598678213654, 7.8775550054893655]]
FOpiinicial antes de NEH (0.7052738948741439, 0.022357515167051183, 0.5033863990583736, 0.22424501098282157)
NEH tarda 333.1340699195862
FOpibest con la secuencia tras NEH y antes de LS (0.4962076618789625, 0.022357515167051183, 0.503041205359922, -0.07019031402819406)
construccion tarda 27.675278186798096
FO tras construccion (0.4962076618789625, 0.022357515167051183, 0.503041205359922, -0.07019031402819406)
LS tarda 663.4106960296631
FOpibest tras LS (0.49580571355114134, 0.022357515167051183, 0.5026499198228077, -0.08448669110461518)
Foccbest con el que se entra a LS (0.49580571355114134, 0.022357515167051183, 0.5026499198228077, -0.08448669110461518)
FO con los cirujs tras LS (0.49580571355114134, 0.022357515167051183, 0.5026499198228077, -0.08448669110461518)
MEJOR FO DEFINITIVA (0.49580571355114134, 0.022357515167051183, 0.5026499198228077, -0.08448669110461518)
ctor [[0], [0, 2.494768310753845, 3.6995615992171706, 6.194329909971016, 7.451139314468664], [0], [0, 1.8068477213174303, 5.111572440659699, 6.335552461273921, 7.964475197068508], [0, 4.23511340104007, 6.978248306624264]]
ctconsultas [[0], [0, 0.21666666666666667, 0.43333333333333335], [0], [0, 0.21666666666666667, 0.43333333333333335, 0.65, 0.8666666666666667], [0, 0.21666666666666667, 0.43333333333333335]]
dia y ctconsultas 5 [[0], [0, 0.21666666666666667, 0.43333333333333335], [0], [0, 0.21666666666666667, 0.43333333333333335, 0.65, 0.8666666666666667], [0, 0.21666666666666667, 0.43333333333333335]]
ctor [[0], [0, 2.494768310753845, 3.6995615992171706, 6.194329909971016, 7.451139314468664], [0], [0, 1.8068477213174303, 5.111572440659699, 6.335552461273921, 7.964475197068508], [0, 4.23511340104007, 6.978248306624264]]
FOpiinicial antes de NEH (0.6119703865662716, 0.024708134865041562, 0.5342256927140295, 0.0857861620506169)
NEH tarda 275.3616497516632
FOpibest con la secuencia tras NEH y antes de LS (0.5411918114792608, 0.01812365742037919, 0.5338194251738342, -0.007837289607527505)
construccion tarda 24.752485990524292
FO tras construccion (0.4458255139108703, 0.01812365742037919, 0.5231906363952605, -0.05924146506401107)
LS tarda 549.1961333751678
FOpibest tras LS (0.41715359850893763, 0.01812365742037919, 0.5155628428669115, -0.0969522536042613)
Foccbest con el que se entra a LS (0.40802551208918447, 0.01812365742037919, 0.5065350650891337, -0.0970525622462367)
FO con los cirujs tras LS (0.40802551208918447, 0.01812365742037919, 0.5065350650891337, -0.0970525622462367)
MEJOR FO DEFINITIVA (0.40802551208918447, 0.01812365742037919, 0.5065350650891337, -0.0970525622462367)
ctor [[0], [0], [0, 0.8074154538672288, 3.386864510019497, 4.194279963886726, 5.168038730923227, 5.975454184790456, 7.834462201321858], [0, 2.7059259089634033, 3.8820681285950984, 4.8029875108528755, 6.973650014826471, 7.989748845850918], [0, 1.0920653207643929, 2.1841306415287858, 6.539472077105641]]
ctconsultas [[0], [0], [0, 0.21666666666666667, 0.43333333333333335, 0.65, 0.8666666666666667], [0, 0.21666666666666667, 0.43333333333333335, 0.65, 0.8666666666666667, 1.0833333333333335], [0]]
dia y ctconsultas 6 [[0], [0], [0, 0.21666666666666667, 0.43333333333333335, 0.65, 0.8666666666666667], [0, 0.21666666666666667, 0.43333333333333335, 0.65, 0.8666666666666667, 1.0833333333333335], [0]]
ctor [[0], [0], [0, 0.8074154538672288, 3.386864510019497, 4.194279963886726, 5.168038730923227, 5.975454184790456, 7.834462201321858], [0, 2.7059259089634033, 3.8820681285950984, 4.8029875108528755, 6.973650014826471, 7.989748845850918], [0, 1.0920653207643929, 2.1841306415287858, 6.539472077105641]]
FOpiinicial antes de NEH (0.6633536403851011, 0.02046628070724456, 0.6249053913862028, 0.05891452970614286)
NEH tarda 208.25255584716797
FOpibest con la secuencia tras NEH y antes de LS (0.47553995717302466, 0.02046628070724456, 0.5785186761820592, -0.08251243830179)
construccion tarda 20.18693447113037
FO tras construccion (0.4793402617344868, 0.020309810671256454, 0.5928932909628564, -0.0932432185571131)
LS tarda 409.26888632774353
FOpibest tras LS (0.4793402617344868, 0.020309810671256454, 0.5928932909628564, -0.0932432185571131)
Foccbest con el que se entra a LS (0.4793402617344868, 0.020309810671256454, 0.5928932909628564, -0.0932432185571131)
FO con los cirujs tras LS (0.4793402617344868, 0.020309810671256454, 0.5928932909628564, -0.0932432185571131)
MEJOR FO DEFINITIVA (0.4793402617344868, 0.020309810671256454, 0.5928932909628564, -0.0932432185571131)
ctor [[0], [0, 3.9901141720445183, 7.996213884247604], [0], [0, 2.3753620187882385, 4.546024522761834, 6.911874563294328], [0, 2.898568888919184, 6.424309857638994]]
ctconsultas [[0], [0], [0], [0, 0.21666666666666667, 0.43333333333333335, 0.65, 0.8666666666666667, 1.0833333333333335], [0, 0.21666666666666667, 0.43333333333333335, 0.65, 0.8666666666666667, 1.0833333333333335, 1.3000000000000003]]
dia y ctconsultas 7 [[0], [0], [0], [0, 0.21666666666666667, 0.43333333333333335, 0.65, 0.8666666666666667, 1.0833333333333335], [0, 0.21666666666666667, 0.43333333333333335, 0.65, 0.8666666666666667, 1.0833333333333335, 1.3000000000000003]]
ctor [[0], [0, 3.9901141720445183, 7.996213884247604], [0], [0, 2.3753620187882385, 4.546024522761834, 6.911874563294328], [0, 2.898568888919184, 6.424309857638994]]