empieza IG1LS
FOpiinicial antes de NEH (0.6295109021280118, 0.03388052208835341, 0.9354442780837778, -0.2720528538674126)
NEH tarda 1443.3525738716125
FOpibest con la secuencia tras NEH y antes de LS (0.5537576607545394, 0.03140687751004016, 0.9519350664716802, -0.4501038615404341)
construccion tarda 73.32135462760925
FO tras construccion (0.5525539570508357, 0.03140687751004016, 0.9519350664716804, -0.4513075652441379)
LS tarda 3072.7704615592957
FOpibest tras LS (0.5483896476445496, 0.03140687751004016, 0.9519350664716804, -0.455471874650424)
acabamos esto
consulta 0
consulta 1
consulta 2
[0, 1, 2, 3, 4, 5, 6, 7, 8, 9, 10, 11, 12, 13, 14, 15, 16, 17]
[7, 8, 12, 14, 17]
cirujano 0
cirujano 1
cirujano 2
cirujano 3
cirujano 4
consulta 3
[0, 1, 2, 3, 4, 5, 6, 7, 8, 9, 10, 11, 12, 13, 14, 15, 16, 17]
[7, 8, 12, 14, 17, 1, 7, 8, 9, 12]
cirujano 0
cirujano 1
cirujano 2
cirujano 3
cirujano 4
cirujano 5
cirujano 6
cirujano 7
cirujano 8
cirujano 9
consulta 4
FO con los cirujs tras LS (0.5483896476445496, 0.03140687751004016, 0.9519350664716804, -0.455471874650424)
MEJOR FO DEFINITIVA (0.5340892361219158, 0.0399234437751004, 0.8805064950431088, -0.38982714847942596)
ctor [[0], [0, 2.375362018788238, 3.6038949657273003, 7.594009137771819], [0, 1.092065320764393, 3.262727824737988, 5.4333903287115835, 7.604052832685179], [0], [0, 1.516873216414683, 2.693015436046378, 4.209888652461061, 5.726761868875744, 7.2436350852904265]]
ctconsultas [[0, 8], [0, 0.4, 0.8, 1.2000000000000002, 1.6, 2.0, 2.4, 2.8, 3.1999999999999997, 3.5999999999999996, 3.9999999999999996, 4.3999999999999995, 4.8, 5.2, 5.6000000000000005, 6.000000000000001, 6.400000000000001, 6.800000000000002, 7.200000000000002, 7.600000000000002], [0, 0.4, 0.8, 1.2000000000000002, 1.6, 2.0, 2.4, 2.8, 3.1999999999999997, 3.5999999999999996, 3.9999999999999996, 4.3999999999999995, 4.8, 5.2, 5.6000000000000005, 6.000000000000001, 6.400000000000001, 6.800000000000002], [0, 0.4, 0.6166666666666667, 1.0166666666666666, 1.4166666666666665, 1.6333333333333333, 1.85, 2.066666666666667, 2.466666666666667, 2.8666666666666667, 3.2666666666666666, 3.6666666666666665, 4.066666666666666, 4.466666666666667], [0]]
dia y ctconsultas 1 [[0, 8], [0, 0.4, 0.8, 1.2000000000000002, 1.6, 2.0, 2.4, 2.8, 3.1999999999999997, 3.5999999999999996, 3.9999999999999996, 4.3999999999999995, 4.8, 5.2, 5.6000000000000005, 6.000000000000001, 6.400000000000001, 6.800000000000002, 7.200000000000002, 7.600000000000002], [0, 0.4, 0.8, 1.2000000000000002, 1.6, 2.0, 2.4, 2.8, 3.1999999999999997, 3.5999999999999996, 3.9999999999999996, 4.3999999999999995, 4.8, 5.2, 5.6000000000000005, 6.000000000000001, 6.400000000000001, 6.800000000000002], [0, 0.4, 0.6166666666666667, 1.0166666666666666, 1.4166666666666665, 1.6333333333333333, 1.85, 2.066666666666667, 2.466666666666667, 2.8666666666666667, 3.2666666666666666, 3.6666666666666665, 4.066666666666666, 4.466666666666667], [0]]
ctor [[0], [0, 2.375362018788238, 3.6038949657273003, 7.594009137771819], [0, 1.092065320764393, 3.262727824737988, 5.4333903287115835, 7.604052832685179], [0], [0, 1.516873216414683, 2.693015436046378, 4.209888652461061, 5.726761868875744, 7.2436350852904265]]
FOpiinicial antes de NEH (0.6873713759869038, 0.03161105962310782, 0.7349571905854815, -0.037480131319555875)
NEH tarda 1279.4421892166138
FOpibest con la secuencia tras NEH y antes de LS (0.6568114951314321, 0.03161105962310782, 0.7344882521322675, -0.07832376189385662)
construccion tarda 66.23728585243225
FO tras construccion (0.6568114951314321, 0.03161105962310782, 0.7344882521322675, -0.07832376189385662)
LS tarda 2626.7081201076508
FOpibest tras LS (0.6603298223192167, 0.03161105962310782, 0.7312128237379001, -0.08228269448374763)
acabamos esto
consulta 0
consulta 1
consulta 2
[0, 1, 2, 3, 4, 5, 6, 7, 8, 9, 10, 11, 12, 13, 14, 15, 16, 17]
[0, 8, 10, 12, 13, 14, 15, 16]
cirujano 0
cirujano 1
cirujano 2
cirujano 3
cirujano 4
cirujano 5
cirujano 6
cirujano 7
consulta 3
[0, 1, 2, 3, 4, 5, 6, 7, 8, 9, 10, 11, 12, 13, 14, 15, 16, 17]
[0, 8, 10, 12, 13, 14, 15, 16, 5, 7, 8, 12, 13, 14, 15]
cirujano 0
cirujano 1
cirujano 2
cirujano 3
cirujano 4
cirujano 5
cirujano 6
cirujano 7
cirujano 8
cirujano 9
cirujano 10
cirujano 11
cirujano 12
cirujano 13
cirujano 14
consulta 4
FO con los cirujs tras LS (0.6603298223192167, 0.03161105962310782, 0.7312128237379001, -0.08228269448374763)
MEJOR FO DEFINITIVA (0.6685472005771043, 0.02983987230975183, 0.7385044904045668, -0.08312817020588274)
ctor [[0, 3.9901141720445183, 7.996213884247604], [0, 1.6039933527457688, 5.279459740240704, 6.883453092986473, 7.975518413750866], [0], [0, 4.036617905380254, 7.877160149607054], [0, 4.006099712203086, 7.532061604953414]]
ctconsultas [[0, 8], [0], [0, 0.21666666666666667], [0], [0, 0.4, 0.8, 1.2000000000000002, 1.6, 2.0, 2.4, 2.8, 3.1999999999999997, 3.5999999999999996, 3.9999999999999996, 4.3999999999999995, 4.8, 5.2, 5.6000000000000005, 6.000000000000001, 6.400000000000001, 6.800000000000002, 7.016666666666668, 7.233333333333335, 7.450000000000002, 7.666666666666669]]
dia y ctconsultas 2 [[0, 8], [0], [0, 0.21666666666666667], [0], [0, 0.4, 0.8, 1.2000000000000002, 1.6, 2.0, 2.4, 2.8, 3.1999999999999997, 3.5999999999999996, 3.9999999999999996, 4.3999999999999995, 4.8, 5.2, 5.6000000000000005, 6.000000000000001, 6.400000000000001, 6.800000000000002, 7.016666666666668, 7.233333333333335, 7.450000000000002, 7.666666666666669]]
ctor [[0, 3.9901141720445183, 7.996213884247604], [0, 1.6039933527457688, 5.279459740240704, 6.883453092986473, 7.975518413750866], [0], [0, 4.036617905380254, 7.877160149607054], [0, 4.006099712203086, 7.532061604953414]]
FOpiinicial antes de NEH (1.1185722988974955, 0.03063379345195351, 0.5583602870782998, 0.5808458052711494)
NEH tarda 1160.2922270298004
FOpibest con la secuencia tras NEH y antes de LS (0.9269149067041427, 0.03063379345195351, 0.5664133971762735, 0.3811353029798227)
construccion tarda 62.89332151412964
FO tras construccion (0.9269149067041427, 0.03063379345195351, 0.5664133971762735, 0.3811353029798227)
LS tarda 2393.2552318573
FOpibest tras LS (0.9101777312246068, 0.03063379345195351, 0.5650637418163332, 0.355747782860227)
acabamos esto
consulta 0
consulta 1
consulta 2
[0, 1, 2, 3, 4, 5, 6, 7, 8, 9, 10, 11, 12, 13, 14, 15, 16, 17]
[0, 6, 8, 10, 13, 16, 17]
cirujano 0
cirujano 1
cirujano 2
cirujano 3
cirujano 4
cirujano 5
cirujano 6
consulta 3
[0, 1, 2, 3, 4, 5, 6, 7, 8, 9, 10, 11, 12, 13, 14, 15, 16, 17]
[0, 6, 8, 10, 13, 16, 17, 1, 5, 8, 9, 13, 16]
cirujano 0
cirujano 1
cirujano 2
cirujano 3
cirujano 4
cirujano 5
cirujano 6
cirujano 7
cirujano 8
cirujano 9
cirujano 10
cirujano 11
cirujano 12
consulta 4
FO con los cirujs tras LS (0.9101777312246068, 0.03063379345195351, 0.5650637418163332, 0.355747782860227)
MEJOR FO DEFINITIVA (0.9101777312246068, 0.03063379345195351, 0.5650637418163332, 0.355747782860227)
ctor [[0, 2.3335983482621785, 4.149595817909835, 7.70687008012092], [0, 2.3753620187882385, 3.4494950497967958, 7.439609221841314], [0, 1.0146943056658793, 2.969656305302469, 6.779614776435487, 7.955756996067183], [0], [0, 4.909800363813112, 7.9156864460799055]]
ctconsultas [[0, 8], [0, 0.4], [0, 0.21666666666666667, 0.43333333333333335, 0.65, 0.8666666666666667], [0], [0, 0.4]]
dia y ctconsultas 3 [[0, 8], [0, 0.4], [0, 0.21666666666666667, 0.43333333333333335, 0.65, 0.8666666666666667], [0], [0, 0.4]]
ctor [[0, 2.3335983482621785, 4.149595817909835, 7.70687008012092], [0, 2.3753620187882385, 3.4494950497967958, 7.439609221841314], [0, 1.0146943056658793, 2.969656305302469, 6.779614776435487, 7.955756996067183], [0], [0, 4.909800363813112, 7.9156864460799055]]
FOpiinicial antes de NEH (1.1490298512250603, 0.03055350654317952, 0.5473831302139508, 0.632200227554289)
NEH tarda 1076.0124881267548
FOpibest con la secuencia tras NEH y antes de LS (1.02182612331137, 0.026571592492418653, 0.5445359503785849, 0.5038617654252036)
construccion tarda 59.81595158576965
FO tras construccion (1.02182612331137, 0.026571592492418653, 0.5445359503785849, 0.5038617654252036)
LS tarda 2220.0762786865234
FOpibest tras LS (1.015313020948438, 0.026571592492418653, 0.5419157945551318, 0.49996881888572475)
acabamos esto
consulta 0
consulta 1
consulta 2
[0, 1, 2, 3, 4, 5, 6, 7, 8, 9, 10, 11, 12, 13, 14, 15, 16, 17]
[0, 6, 7, 11, 12, 14, 15, 16, 17]
cirujano 0
cirujano 1
cirujano 2
cirujano 3
cirujano 4
cirujano 5
cirujano 6
cirujano 7
cirujano 8
consulta 3
[0, 1, 2, 3, 4, 5, 6, 7, 8, 9, 10, 11, 12, 13, 14, 15, 16, 17]
[0, 6, 7, 11, 12, 14, 15, 16, 17, 7, 9, 11, 12, 13, 14, 15, 16]
cirujano 0
si, mejora
cirujano 1
cirujano 2
cirujano 3
cirujano 4
cirujano 5
cirujano 6
cirujano 7
cirujano 8
cirujano 9
cirujano 10
cirujano 11
cirujano 12
cirujano 13
cirujano 14
cirujano 15
cirujano 16
consulta 4
FO con los cirujs tras LS (1.0154053253432629, 0.024413299456328717, 0.5535637281563628, 0.48625489664322874)
MEJOR FO DEFINITIVA (1.0154053253432629, 0.024413299456328717, 0.5535637281563628, 0.48625489664322874)
ctor [[0], [0, 2.674075215126521, 3.4814906689937497, 5.976258979747595, 6.98324582448066, 7.990232669213725], [0, 1.5042379424418528, 2.2928262238244783, 5.287773832185583, 7.146781641804013, 7.696573486842447], [0, 3.9901141720445183, 5.082179492808911, 7.554716697512849], [0, 1.168307410253936, 3.5649048876466445, 5.445678222874149, 7.748398907022428]]
ctconsultas [[0, 8], [0], [0], [0, 0.21666666666666667, 0.43333333333333335, 0.65, 0.8666666666666667], [0]]
dia y ctconsultas 4 [[0, 8], [0], [0], [0, 0.21666666666666667, 0.43333333333333335, 0.65, 0.8666666666666667], [0]]
ctor [[0], [0, 2.674075215126521, 3.4814906689937497, 5.976258979747595, 6.98324582448066, 7.990232669213725], [0, 1.5042379424418528, 2.2928262238244783, 5.287773832185583, 7.146781641804013, 7.696573486842447], [0, 3.9901141720445183, 5.082179492808911, 7.554716697512849], [0, 1.168307410253936, 3.5649048876466445, 5.445678222874149, 7.748398907022428]]
FOpiinicial antes de NEH (1.5283775280833054, 0.025357373550144634, 0.6558923886197561, 0.897842513013694)
NEH tarda 981.7468588352203
FOpibest con la secuencia tras NEH y antes de LS (1.1785109796640074, 0.024051450557474655, 0.5362074065478243, 0.6115605031257126)
construccion tarda 55.78912925720215
FO tras construccion (1.1785109796640074, 0.024051450557474655, 0.5362074065478243, 0.6115605031257126)
LS tarda 2009.537478685379
FOpibest tras LS (1.175285818401037, 0.024051450557474655, 0.5338824312239637, 0.5969616870496166)
acabamos esto
consulta 0
consulta 1
consulta 2
[0, 1, 2, 3, 4, 5, 6, 7, 8, 9, 10, 11, 12, 13, 14, 15, 16, 17]
[6, 10, 11, 12, 15]
cirujano 0
cirujano 1
cirujano 2
cirujano 3
cirujano 4
consulta 3
[0, 1, 2, 3, 4, 5, 6, 7, 8, 9, 10, 11, 12, 13, 14, 15, 16, 17]
[6, 10, 11, 12, 15, 1, 9, 11]
cirujano 0
cirujano 1
cirujano 2
cirujano 3
cirujano 4
cirujano 5
cirujano 6
cirujano 7
consulta 4
FO con los cirujs tras LS (1.175285818401037, 0.024051450557474655, 0.5338824312239637, 0.5969616870496166)
MEJOR FO DEFINITIVA (1.175285818401037, 0.024051450557474655, 0.5338824312239637, 0.5969616870496166)
ctor [[0], [0, 2.671443075760501, 4.821838815399726, 5.7521690699995265, 7.960115328103612], [0], [0, 2.0075774265735737], [0, 2.494768310753845, 4.848256177948315, 5.655671631815544, 7.112683922683768, 7.658663944073069]]
ctconsultas [[0, 8], [0], [0], [0], [0]]
dia y ctconsultas 5 [[0, 8], [0], [0], [0], [0]]
ctor [[0], [0, 2.671443075760501, 4.821838815399726, 5.7521690699995265, 7.960115328103612], [0], [0, 2.0075774265735737], [0, 2.494768310753845, 4.848256177948315, 5.655671631815544, 7.112683922683768, 7.658663944073069]]
FOpiinicial antes de NEH (1.452095676216234, 0.024298592973291767, 0.6769991773915214, 0.7993950917980044)
NEH tarda 979.5470416545868
FOpibest con la secuencia tras NEH y antes de LS (1.2971062692381201, 0.022234392113910185, 0.667978758995614, 0.6196158706103845)
construccion tarda 54.22040295600891
FO tras construccion (1.2971062692381201, 0.022234392113910185, 0.667978758995614, 0.6196158706103845)
LS tarda 1981.7621433734894
FOpibest tras LS (1.2977698523396, 0.022234392113910185, 0.6728576405299194, 0.615400572177559)
acabamos esto
consulta 0
consulta 1
consulta 2
[0, 1, 2, 3, 4, 5, 6, 7, 8, 9, 10, 11, 12, 13, 14, 15, 16, 17]
[0, 8, 13, 14, 16, 17]
cirujano 0
cirujano 1
cirujano 2
cirujano 3
cirujano 4
cirujano 5
consulta 3
[0, 1, 2, 3, 4, 5, 6, 7, 8, 9, 10, 11, 12, 13, 14, 15, 16, 17]
[0, 8, 13, 14, 16, 17, 1, 8, 13, 14, 16]
cirujano 0
cirujano 1
cirujano 2
cirujano 3
cirujano 4
cirujano 5
cirujano 6
cirujano 7
cirujano 8
cirujano 9
cirujano 10
consulta 4
FO con los cirujs tras LS (1.2977698523396, 0.022234392113910185, 0.6728576405299194, 0.615400572177559)
MEJOR FO DEFINITIVA (1.2977698523396, 0.022234392113910185, 0.6728576405299194, 0.615400572177559)
ctor [[0], [0], [0, 1.1761422196316953, 2.3522844392633906, 4.847052750017236, 7.134450503570029, 7.850322147611433], [0, 1.0069868447330648, 2.282041203333333, 5.434388351021788, 6.567793566788479, 7.659858887552872], [0, 3.021360949800276, 3.992735081985542, 6.565968050677117, 7.486985710271824]]
ctconsultas [[0, 8], [0], [0, 0.21666666666666667, 0.43333333333333335], [0, 0.21666666666666667, 0.43333333333333335, 0.65, 0.8666666666666667], [0]]
dia y ctconsultas 6 [[0, 8], [0], [0, 0.21666666666666667, 0.43333333333333335], [0, 0.21666666666666667, 0.43333333333333335, 0.65, 0.8666666666666667], [0]]
ctor [[0], [0], [0, 1.1761422196316953, 2.3522844392633906, 4.847052750017236, 7.134450503570029, 7.850322147611433], [0, 1.0069868447330648, 2.282041203333333, 5.434388351021788, 6.567793566788479, 7.659858887552872], [0, 3.021360949800276, 3.992735081985542, 6.565968050677117, 7.486985710271824]]
FOpiinicial antes de NEH (1.6770432052911208, 0.021282209128484744, 0.7913115355388747, 0.9070138788807309)
NEH tarda 858.5353064537048
FOpibest con la secuencia tras NEH y antes de LS (1.622440755910958, 0.019889778090464046, 0.7564459560616048, 0.8450682514092049)
construccion tarda 49.72440958023071
FO tras construccion (1.622440755910958, 0.019889778090464046, 0.7564459560616048, 0.8450682514092049)
LS tarda 1725.1366038322449
FOpibest tras LS (1.6223826160657282, 0.019889778090464046, 0.7564459560616048, 0.8450101115639752)
acabamos esto
consulta 0
consulta 1
consulta 2
[0, 1, 2, 3, 4, 5, 6, 7, 8, 9, 10, 11, 12, 13, 14, 15, 16, 17]
[0, 6, 7, 10, 12, 14, 16, 17]
cirujano 0
cirujano 1
cirujano 2
cirujano 3
cirujano 4
cirujano 5
cirujano 6
cirujano 7
consulta 3
[0, 1, 2, 3, 4, 5, 6, 7, 8, 9, 10, 11, 12, 13, 14, 15, 16, 17]
[0, 6, 7, 10, 12, 14, 16, 17, 1, 5, 7, 12, 14, 16]
cirujano 0
cirujano 1
cirujano 2
cirujano 3
cirujano 4
cirujano 5
cirujano 6
cirujano 7
cirujano 8
cirujano 9
cirujano 10
cirujano 11
cirujano 12
cirujano 13
consulta 4
FO con los cirujs tras LS (1.6223826160657282, 0.019889778090464046, 0.7564459560616048, 0.8450101115639752)
MEJOR FO DEFINITIVA (1.6223826160657282, 0.019889778090464046, 0.7564459560616048, 0.8450101115639752)
ctor [[0], [0, 0.8074154538672288, 2.894078865948938, 4.931635027087055, 6.969191188225173, 7.976178032958238], [0], [0, 3.503118456155609, 7.169443134975678], [0, 2.472663433374641, 3.470897035705404, 5.0748903884511725, 6.678883741196941]]
ctconsultas [[0, 8], [0], [0], [0, 0.21666666666666667, 0.43333333333333335], [0]]
dia y ctconsultas 7 [[0, 8], [0], [0], [0, 0.21666666666666667, 0.43333333333333335], [0]]
ctor [[0], [0, 0.8074154538672288, 2.894078865948938, 4.931635027087055, 6.969191188225173, 7.976178032958238], [0], [0, 3.503118456155609, 7.169443134975678], [0, 2.472663433374641, 3.470897035705404, 5.0748903884511725, 6.678883741196941]]